latitude=19.93647693426312
longitude=73.8327972537505
